INFO: 2022-08-07 23:36:53,504: Data
INFO: 2022-08-07 23:36:53,592: Data shape (110527, 14)
INFO: 2022-08-07 23:36:53,777: Percentage of women: 0.653882342398853
INFO: 2022-08-07 23:36:53,906: Percentage of men: 0.346117657601147
ERROR: 2022-08-07 23:36:54,078: Data shape is incorrect!
