INFO: 2024-01-05 01:48:05,007: Data
INFO: 2024-01-05 01:48:05,009: Data shape (110527, 14)
INFO: 2024-01-05 01:48:05,036: Percentage of women: 0.653882342398853
INFO: 2024-01-05 01:48:05,061: Percentage of men: 0.346117657601147
ERROR: 2024-01-05 01:48:05,088: Data shape is incorrect!
